
=================================== 
METHOD:AC3
8 1 6 3 7 5 4 9 2
7 2 5 4 9 6 3 8 1
3 9 4 8 2 1 5 7 6
6 8 1 5 3 7 9 2 4
5 4 3 2 1 9 7 6 8
2 7 9 6 8 4 1 3 5
4 3 7 1 6 2 8 5 9
1 6 8 9 5 3 2 4 7
9 5 2 7 4 8 6 1 3

 
Solved In: 0.003647 seconds
=================================== 
METHOD:AC3
123456789 123456789 123456789 123456789 123456789 123456789 123456789 123456789 123456789
123456789 123456789 123456789 123456789 123456789 123456789 123456789 123456789 123456789
123456789 123456789 123456789 123456789 123456789 123456789 123456789 123456789 123456789
123456789 123456789 123456789 123456789 123456789 123456789 123456789 123456789 123456789
123456789 123456789 123456789 123456789 123456789 123456789 123456789 123456789 123456789
123456789 123456789 123456789 123456789 123456789 123456789 123456789 123456789 123456789
123456789 123456789 123456789 123456789 123456789 123456789 123456789 123456789 123456789
123456789 123456789 123456789 123456789 123456789 123456789 123456789 123456789 123456789
123456789 123456789 123456789 123456789 123456789 123456789 123456789 123456789 123456789

 
Solved In: 0.008444 seconds
=================================== 
METHOD:AC3
258 589 29 25 7 4 3 1 6
125 159 279 6 159 3 8 4 279
12346 1369 234679 12 19 8 5 27 279
7 2 5 8 169 19 16 3 4
1468 1689 469 147 3 179 126 5 12
1346 136 346 145 156 2 7 9 8
2356 356 8 9 4 17 126 267 1237
236 4 236 17 8 5 9 267 1237
9 7 1 3 2 6 4 8 5

 
Solved In: 0.01773 seconds
=================================== 
METHOD:AC3
N o t   s o l v e
d !

 
Solved In: 0.000646 seconds
=================================== 
METHOD:AC3
N o t   s o l v e
d !

 
Solved In: 0.009192 seconds
=================================== 
METHOD:AC3
4 3 5 2 6 9 7 8 1
6 8 2 5 7 1 4 9 3
1 9 7 8 3 4 5 6 2
8 2 6 1 9 5 3 4 7
3 7 4 6 8 2 9 1 5
9 5 1 7 4 3 6 2 8
5 1 9 3 2 6 8 7 4
2 4 8 9 5 7 1 3 6
7 6 3 4 1 8 2 5 9

 
Solved In: 0.021123 seconds
=================================== 
METHOD:AC3
1 5 2 4 8 9 3 7 6
7 3 9 2 5 6 8 4 1
4 6 8 3 7 1 2 9 5
3 8 7 1 2 4 6 5 9
5 9 1 7 6 3 4 2 8
2 4 6 8 9 5 7 1 3
9 1 4 6 3 7 5 8 2
6 2 5 9 4 8 1 3 7
8 7 3 5 1 2 9 6 4

 
Solved In: 0.021271 seconds
=================================== 
METHOD:AC3
2 8 6 1 5 9 7 4 3
347 5 3479 267 23467 8 269 1 29
347 1 3479 267 23467 2367 25689 269 2589
8 2469 13479 2679 12679 5 12349 239 2479
13567 269 13579 8 12679 4 12359 239 2579
1457 249 14579 3 1279 127 124589 29 6
1456 46 1458 269 123689 1236 23469 7 249
146 3 14 5 12679 1267 2469 8 249
9 7 2 4 368 36 36 5 1

 
Solved In: 0.025199 seconds
=================================== 
METHOD:CSP
8 1 6 3 7 5 4 9 2
7 2 5 4 9 6 3 8 1
3 9 4 8 2 1 5 7 6
6 8 1 5 3 7 9 2 4
5 4 3 2 1 9 7 6 8
2 7 9 6 8 4 1 3 5
4 3 7 1 6 2 8 5 9
1 6 8 9 5 3 2 4 7
9 5 2 7 4 8 6 1 3

 
Solved In: 0.012199 seconds
=================================== 
METHOD:CSP
FILE:blank
1 2 3 4 5 6 7 8 9
4 5 6 7 8 9 1 2 3
7 8 9 1 2 3 4 5 6
2 3 1 6 7 4 8 9 5
8 7 5 9 1 2 3 6 4
6 9 4 5 3 8 2 1 7
3 1 7 2 6 5 9 4 8
5 4 2 8 9 7 6 3 1
9 6 8 3 4 1 5 7 2

 
Solved In: 0.012824 seconds
=================================== 
METHOD:CSP
FILE:hard

 
Solved In: 0.009098 seconds
=================================== 
METHOD:CSP
FILE:hard

 
Solved In: 0.007866 seconds
=================================== 
METHOD:CSP
FILE:impossible

 
Solved In: 0.000416 seconds
=================================== 
METHOD:CSP
FILE:input_unsolvable

 
Solved In: 0.009782 seconds
=================================== 
METHOD:CSP
FILE:input1
4 3 5 2 6 9 7 8 1
6 8 2 5 7 1 4 9 3
1 9 7 8 3 4 5 6 2
8 2 6 1 9 5 3 4 7
3 7 4 6 8 2 9 1 5
9 5 1 7 4 3 6 2 8
5 1 9 3 2 6 8 7 4
2 4 8 9 5 7 1 3 6
7 6 3 4 1 8 2 5 9

 
Solved In: 0.012822 seconds
=================================== 
METHOD:CSP
FILE:input2
1 5 2 4 8 9 3 7 6
7 3 9 2 5 6 8 4 1
4 6 8 3 7 1 2 9 5
3 8 7 1 2 4 6 5 9
5 9 1 7 6 3 4 2 8
2 4 6 8 9 5 7 1 3
9 1 4 6 3 7 5 8 2
6 2 5 9 4 8 1 3 7
8 7 3 5 1 2 9 6 4

 
Solved In: 0.012881 seconds
=================================== 
METHOD:CSP
FILE:input3
7 9 6 8 5 4 3 2 1
2 4 3 1 7 6 9 8 5
8 5 1 2 3 9 4 7 6
1 3 7 9 6 5 8 4 2
9 2 5 4 1 8 7 6 3
4 6 8 7 2 3 5 1 9
6 1 4 5 9 7 2 3 8
5 8 2 3 4 1 6 9 7
3 7 9 6 8 2 1 5 4

 
Solved In: 0.01264 seconds
=================================== 
METHOD:CSP
FILE:multiple_solution

 
Solved In: 0.005901 seconds
=================================== 
METHOD:AC3
FILE:input3
7 9 146 128 458 124 3 1248 15
2 345 134 18 4578 6 9 148 15
8 45 14 12 3 1249 145 7 6
1 378 378 9 6 5 48 48 2
9 2 5 4 1 8 7 6 3
4 68 68 7 2 3 158 189 159
6 1 47 5 9 47 2 3 8
5 478 2 3 478 147 16 19 179
3 78 9 1268 78 127 16 5 4

 
Solved In: 0.025602 seconds