
=================================== 
4 3 5 2 6 9 7 8 1
6 8 2 5 7 1 4 9 3
1 9 7 8 3 4 5 6 2
8 2 6 1 9 5 3 4 7
3 7 4 6 8 2 9 1 5
9 5 1 7 4 3 6 2 8
5 1 9 3 2 6 8 7 4
2 4 8 9 5 7 1 3 6
7 6 3 4 1 8 2 5 9

 
Solved In: 0.952329 seconds
=================================== 
4 3 5 2 6 9 7 8 1
6 8 2 5 7 1 4 9 3
1 9 7 8 3 4 5 6 2
8 2 6 1 9 5 3 4 7
3 7 4 6 8 2 9 1 5
9 5 1 7 4 3 6 2 8
5 1 9 3 2 6 8 7 4
2 4 8 9 5 7 1 3 6
7 6 3 4 1 8 2 5 9

 
Solved In: 0.506384 seconds
=================================== 
4 3 5 2 6 9 7 8 1
6 8 2 5 7 1 4 9 3
1 9 7 8 3 4 5 6 2
8 2 6 1 9 5 3 4 7
3 7 4 6 8 2 9 1 5
9 5 1 7 4 3 6 2 8
5 1 9 3 2 6 8 7 4
2 4 8 9 5 7 1 3 6
7 6 3 4 1 8 2 5 9

 
Solved In: 0.553693 seconds
=================================== 
4 3 5 2 6 9 7 8 1
6 8 2 5 7 1 4 9 3
1 9 7 8 3 4 5 6 2
8 2 6 1 9 5 3 4 7
3 7 4 6 8 2 9 1 5
9 5 1 7 4 3 6 2 8
5 1 9 3 2 6 8 7 4
2 4 8 9 5 7 1 3 6
7 6 3 4 1 8 2 5 9

 
Solved In: 0.645962 seconds
=================================== 
4 3 5 2 6 9 7 8 1
6 8 2 5 7 1 4 9 3
1 9 7 8 3 4 5 6 2
8 2 6 1 9 5 3 4 7
3 7 4 6 8 2 9 1 5
9 5 1 7 4 3 6 2 8
5 1 9 3 2 6 8 7 4
2 4 8 9 5 7 1 3 6
7 6 3 4 1 8 2 5 9

 
Solved In: 1.403315 seconds
=================================== 
4 3 5 2 6 9 7 8 1
6 8 2 5 7 1 4 9 3
1 9 7 8 3 4 5 6 2
8 2 6 1 9 5 3 4 7
3 7 4 6 8 2 9 1 5
9 5 1 7 4 3 6 2 8
5 1 9 3 2 6 8 7 4
2 4 8 9 5 7 1 3 6
7 6 3 4 1 8 2 5 9

 
Solved In: 0.816235 seconds
=================================== 
4 3 5 2 6 9 7 8 1
6 8 2 5 7 1 4 9 3
1 9 7 8 3 4 5 6 2
8 2 6 1 9 5 3 4 7
3 7 4 6 8 2 9 1 5
9 5 1 7 4 3 6 2 8
5 1 9 3 2 6 8 7 4
2 4 8 9 5 7 1 3 6
7 6 3 4 1 8 2 5 9

 
Solved In: 0.815343 seconds
=================================== 
 

 
Solved In: NOT SOLVED seconds
=================================== 
4 3 5 2 6 9 7 8 1
6 8 2 5 7 1 4 9 3
1 9 7 8 3 4 5 6 2
8 2 6 1 9 5 3 4 7
3 7 4 6 8 2 9 1 5
9 5 1 7 4 3 6 2 8
5 1 9 3 2 6 8 7 4
2 4 8 9 5 7 1 3 6
7 6 3 4 1 8 2 5 9

 
Solved In: 0.792165 seconds
=================================== 
4 3 5 2 6 9 7 8 1
6 8 2 5 7 1 4 9 3
1 9 7 8 3 4 5 6 2
8 2 6 1 9 5 3 4 7
3 7 4 6 8 2 9 1 5
9 5 1 7 4 3 6 2 8
5 1 9 3 2 6 8 7 4
2 4 8 9 5 7 1 3 6
7 6 3 4 1 8 2 5 9

 
Solved In: 0.99987 seconds
=================================== 
4 3 5 2 6 9 7 8 1
6 8 2 5 7 1 4 9 3
1 9 7 8 3 4 5 6 2
8 2 6 1 9 5 3 4 7
3 7 4 6 8 2 9 1 5
9 5 1 7 4 3 6 2 8
5 1 9 3 2 6 8 7 4
2 4 8 9 5 7 1 3 6
7 6 3 4 1 8 2 5 9

 
Solved In: 0.972327 seconds
=================================== 
4 3 5 2 6 9 7 8 1
6 8 2 5 7 1 4 9 3
1 9 7 8 3 4 5 6 2
8 2 6 1 9 5 3 4 7
3 7 4 6 8 2 9 1 5
9 5 1 7 4 3 6 2 8
5 1 9 3 2 6 8 7 4
2 4 8 9 5 7 1 3 6
7 6 3 4 1 8 2 5 9

 
Solved In: 1.310709 seconds
=================================== 
4 3 5 2 6 9 7 8 1
6 8 2 5 7 1 4 9 3
1 9 7 8 3 4 5 6 2
8 2 6 1 9 5 3 4 7
3 7 4 6 8 2 9 1 5
9 5 1 7 4 3 6 2 8
5 1 9 3 2 6 8 7 4
2 4 8 9 5 7 1 3 6
7 6 3 4 1 8 2 5 9

 
Solved In: 1.371202 seconds
=================================== 
4 3 5 2 6 9 7 8 1
6 8 2 5 7 1 4 9 3
1 9 7 8 3 4 5 6 2
8 2 6 1 9 5 3 4 7
3 7 4 6 8 2 9 1 5
9 5 1 7 4 3 6 2 8
5 1 9 3 2 6 8 7 4
2 4 8 9 5 7 1 3 6
7 6 3 4 1 8 2 5 9

 
Solved In: 0.941498 seconds
=================================== 
4 3 5 2 6 9 7 8 1
6 8 2 5 7 1 4 9 3
1 9 7 8 3 4 5 6 2
8 2 6 1 9 5 3 4 7
3 7 4 6 8 2 9 1 5
9 5 1 7 4 3 6 2 8
5 1 9 3 2 6 8 7 4
2 4 8 9 5 7 1 3 6
7 6 3 4 1 8 2 5 9

 
Solved In: 1.589674 seconds
=================================== 
4 3 5 2 6 9 7 8 1
6 8 2 5 7 1 4 9 3
1 9 7 8 3 4 5 6 2
8 2 6 1 9 5 3 4 7
3 7 4 6 8 2 9 1 5
9 5 1 7 4 3 6 2 8
5 1 9 3 2 6 8 7 4
2 4 8 9 5 7 1 3 6
7 6 3 4 1 8 2 5 9

 
Solved In: 1.634642 seconds
=================================== 
4 3 5 2 6 9 7 8 1
6 8 2 5 7 1 4 9 3
1 9 7 8 3 4 5 6 2
8 2 6 1 9 5 3 4 7
3 7 4 6 8 2 9 1 5
9 5 1 7 4 3 6 2 8
5 1 9 3 2 6 8 7 4
2 4 8 9 5 7 1 3 6
7 6 3 4 1 8 2 5 9

 
Solved In: 1.504774 seconds
=================================== 
4 3 5 2 6 9 7 8 1
6 8 2 5 7 1 4 9 3
1 9 7 8 3 4 5 6 2
8 2 6 1 9 5 3 4 7
3 7 4 6 8 2 9 1 5
9 5 1 7 4 3 6 2 8
5 1 9 3 2 6 8 7 4
2 4 8 9 5 7 1 3 6
7 6 3 4 1 8 2 5 9

 
Solved In: 1.81805 seconds
=================================== 
N o t   s o l v e
d !

 
Solved In: -1 seconds
=================================== 
N o t   s o l v e
d !

 
Solved In: -1 seconds
=================================== 
N o t   s o l v e
d !

 
Solved In: -1 seconds
=================================== 
N o t   s o l v e
d !

 
Solved In: -1 seconds
=================================== 
N o t   s o l v e
d !

 
Solved In: -1 seconds
=================================== 
N o t   s o l v e
d !

 
Solved In: -1 seconds
=================================== 
N o t   s o l v e
d !

 
Solved In: -1 seconds
=================================== 
N o t   s o l v e
d !

 
Solved In: -1 seconds
=================================== 
4 3 5 2 6 9 7 8 1
6 8 2 5 7 1 4 9 3
1 9 7 8 3 4 5 6 2
8 2 6 1 9 5 3 4 7
3 7 4 6 8 2 9 1 5
9 5 1 7 4 3 6 2 8
5 1 9 3 2 6 8 7 4
2 4 8 9 5 7 1 3 6
7 6 3 4 1 8 2 5 9

 
Solved In: 1.556552 seconds