
=================================== 
1 5 2 4 8 9 3 7 6
7 3 9 2 5 6 8 4 1
4 6 8 3 7 1 2 9 5
3 8 7 1 2 4 6 5 9
5 9 1 7 6 3 4 2 8
2 4 6 8 9 5 7 1 3
9 1 4 6 3 7 5 8 2
6 2 5 9 4 8 1 3 7
8 7 3 5 1 2 9 6 4

 
Solved In: 0.803931 seconds
=================================== 
1 5 2 4 8 9 3 7 6
7 3 9 2 5 6 8 4 1
4 6 8 3 7 1 2 9 5
3 8 7 1 2 4 6 5 9
5 9 1 7 6 3 4 2 8
2 4 6 8 9 5 7 1 3
9 1 4 6 3 7 5 8 2
6 2 5 9 4 8 1 3 7
8 7 3 5 1 2 9 6 4

 
Solved In: 0.423083 seconds
=================================== 
1 5 2 4 8 9 3 7 6
7 3 9 2 5 6 8 4 1
4 6 8 3 7 1 2 9 5
3 8 7 1 2 4 6 5 9
5 9 1 7 6 3 4 2 8
2 4 6 8 9 5 7 1 3
9 1 4 6 3 7 5 8 2
6 2 5 9 4 8 1 3 7
8 7 3 5 1 2 9 6 4

 
Solved In: 0.711364 seconds
=================================== 
1 5 2 4 8 9 3 7 6
7 3 9 2 5 6 8 4 1
4 6 8 3 7 1 2 9 5
3 8 7 1 2 4 6 5 9
5 9 1 7 6 3 4 2 8
2 4 6 8 9 5 7 1 3
9 1 4 6 3 7 5 8 2
6 2 5 9 4 8 1 3 7
8 7 3 5 1 2 9 6 4

 
Solved In: 0.820565 seconds
=================================== 
 

 
Solved In: NOT SOLVED seconds
=================================== 
1 5 2 4 8 9 3 7 6
7 3 9 2 5 6 8 4 1
4 6 8 3 7 1 2 9 5
3 8 7 1 2 4 6 5 9
5 9 1 7 6 3 4 2 8
2 4 6 8 9 5 7 1 3
9 1 4 6 3 7 5 8 2
6 2 5 9 4 8 1 3 7
8 7 3 5 1 2 9 6 4

 
Solved In: 0.437058 seconds
=================================== 
1 5 2 4 8 9 3 7 6
7 3 9 2 5 6 8 4 1
4 6 8 3 7 1 2 9 5
3 8 7 1 2 4 6 5 9
5 9 1 7 6 3 4 2 8
2 4 6 8 9 5 7 1 3
9 1 4 6 3 7 5 8 2
6 2 5 9 4 8 1 3 7
8 7 3 5 1 2 9 6 4

 
Solved In: 0.54898 seconds
=================================== 
1 5 2 4 8 9 3 7 6
7 3 9 2 5 6 8 4 1
4 6 8 3 7 1 2 9 5
3 8 7 1 2 4 6 5 9
5 9 1 7 6 3 4 2 8
2 4 6 8 9 5 7 1 3
9 1 4 6 3 7 5 8 2
6 2 5 9 4 8 1 3 7
8 7 3 5 1 2 9 6 4

 
Solved In: 1.106861 seconds
=================================== 
1 5 2 4 8 9 3 7 6
7 3 9 2 5 6 8 4 1
4 6 8 3 7 1 2 9 5
3 8 7 1 2 4 6 5 9
5 9 1 7 6 3 4 2 8
2 4 6 8 9 5 7 1 3
9 1 4 6 3 7 5 8 2
6 2 5 9 4 8 1 3 7
8 7 3 5 1 2 9 6 4

 
Solved In: 1.193045 seconds
=================================== 
1 5 2 4 8 9 3 7 6
7 3 9 2 5 6 8 4 1
4 6 8 3 7 1 2 9 5
3 8 7 1 2 4 6 5 9
5 9 1 7 6 3 4 2 8
2 4 6 8 9 5 7 1 3
9 1 4 6 3 7 5 8 2
6 2 5 9 4 8 1 3 7
8 7 3 5 1 2 9 6 4

 
Solved In: 0.766352 seconds
=================================== 
1 5 2 4 8 9 3 7 6
7 3 9 2 5 6 8 4 1
4 6 8 3 7 1 2 9 5
3 8 7 1 2 4 6 5 9
5 9 1 7 6 3 4 2 8
2 4 6 8 9 5 7 1 3
9 1 4 6 3 7 5 8 2
6 2 5 9 4 8 1 3 7
8 7 3 5 1 2 9 6 4

 
Solved In: 1.288694 seconds
=================================== 
1 5 2 4 8 9 3 7 6
7 3 9 2 5 6 8 4 1
4 6 8 3 7 1 2 9 5
3 8 7 1 2 4 6 5 9
5 9 1 7 6 3 4 2 8
2 4 6 8 9 5 7 1 3
9 1 4 6 3 7 5 8 2
6 2 5 9 4 8 1 3 7
8 7 3 5 1 2 9 6 4

 
Solved In: 1.196391 seconds